0.0 0.0 0.0 0.0 0.04 0.0 0.0 0.0 0.0 0.04 0.16 0.0 0.0 0.0 0.0 0.04 0.5 0.0 0.0 0.0 0.0 0.16 0.06 
0.0 0.0 0.2727272727272727 0.0 0.0 0.045454545454545456 0.0 0.0 0.0 0.0 0.0 0.0 0.0 0.0 0.6818181818181818 0.0 0.0 0.0 0.0 0.0 0.0 0.0 0.0 
0.0 1.0 0.0 0.0 0.0 0.0 0.0 0.0 0.0 0.0 0.0 0.0 0.0 0.0 0.0 0.0 0.0 0.0 0.0 0.0 0.0 0.0 0.0 
0.0 0.0 0.0 0.0 0.0 0.0 0.0 0.0 0.0 0.0 0.0 0.0 0.0 0.0 0.0 0.0 0.08333333333333333 0.0 0.0 0.0 0.0 0.8125 0.10416666666666667 
0.0625 0.0 0.0 0.0 0.0 0.0 0.0 0.0 0.0 0.0 0.09375 0.0 0.0 0.0 0.65625 0.0 0.0 0.0 0.0 0.0 0.1875 0.0 0.0 
0.0 0.045454545454545456 0.0 0.0 0.0 0.0 0.0 0.0 0.0 0.0 0.09090909090909091 0.0 0.0 0.0 0.6363636363636364 0.0 0.22727272727272727 0.0 0.0 0.0 0.0 0.0 0.0 
0.0 0.0 0.0 0.0 0.0 0.0 0.0 0.0 0.0 1.0 0.0 0.0 0.0 0.0 0.0 0.0 0.0 0.0 0.0 0.0 0.0 0.0 0.0 
0.0 0.0 0.0 0.0 0.0 0.0 0.0 0.0 0.0 0.0 0.0 0.0 0.0 0.0 0.0 0.0 0.0 0.0 0.0 0.0 0.0 0.0 0.0 
0.0 0.0 0.0 0.0 0.0 0.0 0.0 0.0 0.0 0.0 0.0 0.0 0.0 0.0 0.0 0.0 0.0 0.0 0.5 0.5 0.0 0.0 0.0 
0.011235955056179775 0.0 0.0 0.0 0.0 0.0 0.9775280898876404 0.0 0.0 0.0 0.0 0.0 0.0 0.0 0.0 0.0 0.0 0.0 0.0 0.0 0.0 0.0 0.011235955056179775 
0.21052631578947367 0.0 0.0 0.0 0.07894736842105263 0.05263157894736842 0.0 0.0 0.0 0.0 0.0 0.0 0.0 0.0 0.4473684210526316 0.15789473684210525 0.0 0.0 0.0 0.05263157894736842 0.0 0.0 0.0 
0.0 0.0 0.0 0.0 0.0 0.0 0.0 0.0 0.0 0.0 0.0 0.0 0.0 0.0 0.0 0.0 0.0 0.0 0.0 0.0 0.0 0.0 0.0 
0.0 0.0 0.0 0.0 0.0 0.0 0.0 0.0 0.0 0.0 0.0 0.0 0.0 0.0 0.0 0.0 0.0 0.0 0.0 1.0 0.0 0.0 0.0 
0.0 0.0 0.0 0.0 0.0 0.0 0.0 0.0 0.0 0.0 0.0 0.0 0.0 0.0 0.0 0.0 0.0 0.0 0.0 0.0 0.0 0.0 0.0 
0.0 0.18292682926829268 0.0 0.0 0.25609756097560976 0.17073170731707318 0.0 0.0 0.0 0.0 0.2073170731707317 0.0 0.0 0.0 0.0 0.0 0.18292682926829268 0.0 0.0 0.0 0.0 0.0 0.0 
0.25 0.0 0.0 0.0 0.0 0.0 0.0 0.0 0.0 0.0 0.75 0.0 0.0 0.0 0.0 0.0 0.0 0.0 0.0 0.0 0.0 0.0 0.0 
0.29069767441860467 0.0 0.0 0.046511627906976744 0.0 0.05813953488372093 0.0 0.0 0.0 0.0 0.0 0.0 0.0 0.0 0.1744186046511628 0.0 0.0 0.0 0.0 0.0 0.0 0.43023255813953487 0.0 
0.0 0.0 0.0 0.0 0.0 0.0 0.0 0.0 0.0 0.0 0.0 0.0 0.0 0.0 0.0 0.0 0.0 0.0 0.0 0.0 0.0 0.0 0.0 
0.0 0.0 0.0 0.0 0.0 0.0 0.0 0.0 1.0 0.0 0.0 0.0 0.0 0.0 0.0 0.0 0.0 0.0 0.0 0.0 0.0 0.0 0.0 
0.0 0.0 0.0 0.0 0.0 0.0 0.0 0.0 0.3333333333333333 0.0 0.3333333333333333 0.0 0.3333333333333333 0.0 0.0 0.0 0.0 0.0 0.0 0.0 0.0 0.0 0.0 
0.0 0.0 0.0 0.0 1.0 0.0 0.0 0.0 0.0 0.0 0.0 0.0 0.0 0.0 0.0 0.0 0.0 0.0 0.0 0.0 0.0 0.0 0.0 
0.07272727272727272 0.0 0.0 0.35454545454545455 0.0 0.0 0.0 0.0 0.0 0.0 0.0 0.0 0.0 0.0 0.0 0.0 0.33636363636363636 0.0 0.0 0.0 0.0 0.0 0.23636363636363636 
0.08333333333333333 0.0 0.0 0.1388888888888889 0.0 0.0 0.0 0.0 0.0 0.05555555555555555 0.0 0.0 0.0 0.0 0.0 0.0 0.0 0.0 0.0 0.0 0.0 0.7222222222222222 0.0 
