1721691084829002
8424858193515687
1481085105140958
2716101594216445
3462281514752860
5527161874275936
1392757648853745
6395753250632879
9616277364168464
3438535171014247
8154959660506192
4023612246177997
2410171317656703
5901306441689695
9430467645485485
1895087712090229
1686736803010441
3092894034748500
8292109678587891
3263835431496782
0562262594759879
5522336491096072
5860856169215170
9784037798074522
7375576563586744
3360601117660257
5136594572347865
7960395139061483
1414776426850098
2268292294358714
0448980118528732
7312472135963856
0689548674850299
2757999360678835
5054973037817063
0528258491277437
4161224121702430
3801575713681461
7060873836639994
1983448338382718
8489259697982901
8667439667953247
9822550031674277
6964439330545737
7903765191961550
4200127829867976
8646856320964605
3828630185578675
0172837599844991
4129624726542549
4090149227077691
0588677902240839
3558866397613277
9726544779319467
4767231957484971
3938506452243804
3940012903139657
9126744461400749
9330364336746799
9601653181995779
2479321237924458
9559737629656366
4225404938343881
4629729785629769
2905204307170392
4681092687898367
9901390631158496
7565432110685296
6641904883344974
0399892294715354
8623145444402957
7361099481930187
9542027656569433
9438927804105514
6901004975547630
6614993672843299
1741478379427600
3796269751532364
8409260098647072
4301975699820809
3083614330789449
7095342105412225
3810606826814182
6451731535779575
7898768101362903
7074419445126697
9221494854759414
6233382586202374
3921195152536523
1059616375952306
3025245023121749
3159674215194500
6400280389365121
5826726027864337
6157005463336726
9180718046391058
0103007276004318
0173401604473200
8207346780454884
4331732397419923
7791391599480330
1140359690398541
5369684790672156
7028403949638900
7069289429671769
2682000754706724
6278221684935186
1875195691395580
6705710234680465
3310580287797879
2514561272453885
1261177909237410
9804785785950382
4430697137636995
7833549653323573
4563909148326497
3056732049397802
9673837584188502
1670665616392569
2246693505158709
3259846931278607
9394369057423767
2869737621338203
0538239335010745
5708632514475380
3310950469376046
2021264878089025
9285428901950354
5841884507267210
5026311420685610
9600764042703073
0067418900126044
3017735348931846
4861752914519529
3276653731957888
6844360065423700
4516124634184494
3337107839069696
8699242021339583
6879375273660867
3059751276470932
4758034136465394
2532700489553544
9289407545513503
7755265631256024
8472151600323002
7425154073906821
9240901407225647
7646127729973134
7346723732951034
3043621278852069
6893272900174059
4324871513405744
1031795555698099
7377287081749624
0514228518147484
0528162637035051
6638133941228000
1838249887289555
7222317956827988
0811959147500899
4569574008381509
3073870507253028
0433271127203481
3460853436777584
3500088234156539
3673205205402807
5160030954939671
1920141038950102
5514393024810346
1828949704938156
5784675887139893
2232965550668395
7109489698613515
4697058750444474
9102159700929989
7757495853149677
5000032662280310
4560803280050919
0652150766671345
5033456020507198
9723124232622117
9082417734965791
2088688399614477
0052868774328897
3394904584005475
2707060356590877
5932031763274365
9730558038933472
0792562668950522
9340661918321687
7998391975397420
7336322947145042
0546425256213313
6809125371733700
2435052510742228
3733816648743900
7869256137793047
1355748902111663
8558807373903895
1929354200236695
5858689634869395
7725112201598543
0351811429413491
5732993493146188
5004049383694261
8473183054204025
9615996877430479
9660878222629304
3154267963438078
3253664318718678
4634684070861632
3160593582268323
7810833265781579
0565334367700450
0453992737519680
6443072583987507
1965260558843558
0509196775353499
6807629067093113
1785298761573425
8611170497897011
5251213330814392
0218004426204544
3089178568685507
4957262830051547
2949983867418338
7005909904350850
3362954301162784
5673024226638200
9831402844332968
5361181196979714
8945265611231056
4469106561041487
0871415430454093
7956444295169452
0799202332009912
0835964436492083
8763217583839561
8664188432084404
1078989729628550
8972485564313775
9985104818555037
0979976560224426
9973121066104232
0477788198290554
4701710849489385
3828935126781467
3526458202184020
8837180892948207
2302805234722051
2062568788503914
4768466900412384
1948469942912020
2492862151357515
0912594182265235
3827055576218861
4499267719558750
6446047463034654
6791638384395800
8233000987750211
0905978969948656
6626137048590928
9056523421868704
0679312467317862
6325738323056883
6682967370980694
9196966516239930
8902664188432333
5340012274976677
9066838797112953
0904370996702798
9563139318961417
8407354545744277
9042144357406098
2863791918495150
0765509049216859
0757145691123469
7969361255365546
5296014772075524
1002768155921018
0936619055402651
1511730410397442
3195312283059612
9376112765811449
3919711591553904
8547747556446020
1317130102325016
3595264382956018
5236758856687873
6436756467936422
5777015785878218
5126368343478545
4378829343080526
2365059843175411
5343820532259748
1014571239084005
1001889543955659
7366807766543442
5247287347757604
1510695870279275
0824183255981996
1439007051364360
6666040476009642
9692163245601581
4347250624517316
1129759683315871
8012137140556430
5920715598402579
7611758616700591
7167471396121809
0350467767357457
6714404062483661
8656565092804282
0043403125593269
2222643250076674
6629886135550891
5158730912554506
2984873568208761
1428136825241225
4087752487104746
4372457623246551
1042953739398845
2365009721848951
5763745161487235
2302418953025459
3233942511496583
1620443645372296
7449129369277923
0875527722518904
0880189255651781
4624398152329400
8623798867256227
2794888963106382
8138833739265123
5608011131865483
1500882627339662
3543378242849628
5136468097738470
2451615818008410
8895005186201315
2086426049715318
7694622713378423
4766025784749645
0206596617693787
1868573083430307
8979828254001003
8572514193216783
7225675813566195
1184902464922462
5474735720187378
2721224328463679
6463750480585203
9226460532838417
8509474258844938
7276747347652690
5522072399581578
0020850693692136
8049864607657389
1667398084164210
4245681360836462
1352027085213511
7094050586166841
5382345744207107
9020980869535776
5598232291938815
0122244383865257
4264076710026214
4604952406723046
0019063384588784
4595278307098889
3135162561691311
3129798508009056
7031209142850316
5937912638355332
3598326477494946
8355063687474307
5063576712856234
3364422958367794
6850393141419619
0595743044953231
1045376122168899
6239192606875747
3076009937174550
1214342399406260
2128664800778416
0325651786262319
8568326430413988
0376655916018221
4377621235957340
8097860247312340
0403115082684932
9101182667748011
6349733578014947
2862541276328123
1794026852371333
5730209964946419
5026181705864685
0561785139116193
8741029675242016
7877512162450010
6186580867262823
5276697229539907
2012433216651831
1666595755411005
1125612101174921
1218389024081405
5349557509612483
2998503841917815
1090929882948654
1482831130853207
5614304096350257
9375008950498032
1770963656853163
0841132375137421
5732248920249247
3802255852576376
6362477682504369
1703489604126106
3123107570992184
9120839774874175
3402528767552686
2215761373467800
3331850042026692
2741299521706179
6963447973536648
5966513055840665
4055079165002493
3158534026834570
3310496478173356
4756623498592279
1772671211614750
4284328095529410
0477045906733254
2702045647829794
8987657132753531
8853705330779687
6507011898998966
7333412430375384
8944146309557317
5938003791536092
8934263630465920
9056474544845038
2550001088673319
4838390433663020
2091584947811081
9082492515653500
5505084868732032
8506913236981096
1183567055503638
3047526903179725
1127079900483018
2041413756720459
7470560977695127
2670261809211753
9553552120828724
2740458445080593
1409326746785723
6578365982805080
1234922729106387
0557895881671394
4101248715036273
6032273820890538
6443348814893849
9050138203029301
2855430609405771
4061301060228632
2052743780386588
4038905506548838
5855037998523690
4127831266679891
6834951349421487
2486121889068339
0559524248109284
9913529831985105
5361393097872791
9313100199075545
5776363968816276
6661344877276326
3791079315511644
7430838539889003
2661182639850924
5643235533402395
7156231961659915
7087360072774314
3260698029458172
5810658861819800
2401618350456850
1460452588461981
7791613533109498
1043780332502091
2785350005839333
6053576203559576
5646750674700591
3193799176374434
4612449136493237
5829636849353650
3941353353219001
0568433261494124
3784094744916006
7267531467047267
3321306895345952
9349312792352809
5065968205484938
9756870433676753
5953129488131582
2073186720926339
2421284577957469
2387431254472136
0418948589237149
6134106111232960
5987507444798005
6812424545164185
7106998317216646
5256777058835015
5221679455402637
0560039556461253
4963257858781799
4311899333835868
2985086752327431
8617600241944738
8056874648777632
7949543557089290
0651129160914854
5986773627490795
2048577701754111
3537802733625723
7560035356675554
4639530865431823
1883089738125591
1684776635301302
1276508726612340
2536127021155206
4272415056307226
3781360822819181
1393195761536555
3694236695877236
6120595528507100
8859532474511316
6700281552982661
2459431934092667
5341108834618992
6414034644519285
2179668495606249
8689855441560982
9189730131784157
7312879754667897
2115942621694174
5787188407298606
0971638668161413
6416497515150655
6008435446505316
9783590645476319
6056442698261782
1635688279204731
0973301289994132
5569045172262811
7370391981551847
3237327800839443
4100119317525940
1492828293017536
1598312330444780
1140183065032064
5980194523573928
7865489591443348
2187263581954922
3822723627284619
5263818824290864
5526383460332378
7093330179162872
2579242851296143
3684343773881580
6034855461324993
0710051356090603
2494286223045694
8328444756383519
0313446610352145
9684649153800847
3819814458216651
0880992535259719
4241330557007584
9394830268199340
8592645730018646
3979259550289683
4346375561000507
5317863496971184
6674223829322660
2315884131372983
1476686101920827
8593313204368397
5962084421625727
8696317917676943
3728072415265022
0778348300548797
4994403420268636
2950124296727776
1369895191082587
6569534812431788
3874529555299854
7301980773116724
3455204481678421
9682969633348549
2410385643716370
1148794578246057
2774054785846737
4700366676258208
1116612133164718
7737719249484101
9135346053526486
2520874965506616
5105078696880588
2894454319822498
0237014785389412
7526386741546703
1118947428762248
7952896558761417
6358984240160365
1425053323447047
0702326922309672
3767902405278673
9586632600050628
2539107896682899
0574758575822571
5040104864663913
7610331055441754
4234061062286972
7275150619936779
2364884310780185
7813944209789289
5864158210538587
5500798384096497
9258600363992264
0669372130490233
3435359699762519
7061426085984880
5681812218970006
6497790579704211
4339105377508269
5218764042751604
3573363486614904
7465251757902426
9694438764205366
6093873918261281
8624190504518641
5325292903779393
9340276749435306
9928640771328165
2266326314404418
2714652578820025
8907680122394210
9781244563766664
4029774628689369
2936160576125153
6144428536509111
7744895603559484
1457701756122244
5918849824729903
5802743461244907
2947276905460829
7778408024654682
8149273839937470
8867223794945538
7690248628577122
4163018603309655
7801103802924540
1520599055684991
3487987278680263
4739370335271431
3776032907883117
8922649967544135
3884561206562655
4623345004441453
8489800120266244
6323202702376210
8622484781616780
4933560039793474
4731349173493365
8402138016291171
1316412551645220
9231104428523774
0108349223227742
4214696247475818
6432524309776253
5804079247742304
9390958578365003
5341431436245618
9521858553317912
4260111082051182
1546703440498003
8801763135422976
5492561491927624
7001857037740533
2377937104502587
5990189383563490
3058279777976728
0347657511948307
7712161039487747
9340862915125098
8189219290538496
7043956540589502
0295751567102046
4262224651091415
6459107436866263
4175509016219914
7357828735124785
1876010481005311
1590513762471551
1541477768450184
8144208697171297
3659883833311175
0218218521065874
4408599021040004
9585258374949244
1613515730830674
7357691451348243
2021830350525161
8953856520007796
0585283327853481
3538589672691598
5644604106978800
6490922382862131
4635081311434850
2182816314079260
8824197696621614
2618537898241187
1959557670325055
5823693783449791
0674791189757357
6392994144210466
1516711240977276
6909168348663630
1201519815080304
7171539019402599
8802437477909745
7829611925249212
2661054191813160
4811425210698964
7151298424819786
7972037936748550
5062067706734726
6279948144226330
3165974522899237
1922357184842767
3587678439361983
3759262075567813
9077686155692700
2526343897380716
0986130776529878
8172187725052094
1161971985568274
0488118520354559
3986122703645318
4411491026320331
5349213724329666
0055977135771610
1054151246271520
2809686503212859
0648302250362704
5237598781491485
2089743257064357
7450433597868881
7881677365223786
1175675008975515
8158928604403244
2876196606157039
0520611954366341
5170348815353458
1855639994329973
9249735788050052
2775692779655843
0109521153655935
1905410995938951
6415571987991013
0890960702121494
5899303559432263
1059436387901853
7341208763545711
4553313539891335
1412293888324421
6555431533100696
5405796991877221
6771294231443283
4378078337343660
4091113839164147
6886335376140604
2481580431348179
0619888126389689
8167516371479319
0373300082702667
8841334894205599
3463353297069851
0640997586726641
5880079488097331
6882548794489901
5443002033733395
2314423220383175
9420112891373699
8226529794937801
5814994761410263
2584946516908564
4320367144812616
1899124423258411
2080940997919612
3157052111423047
7698697775899601
9757080572695495
2838114592735208
4748033386641803
8757053079955280
7352874497617480
7243632356097506
8514333251001439
0433550019511218
2475764360924249
2003473356017953
5854861066746633
9006781196499171
7507841142527331
0955318108031255
8836560701123581
3689396639410818
1241212297463501
6125101701986966
8261556494511119
4300876873141943
0303229687236753
7686480442707744
8601433013106282
9208665857677299
0152213852695153
2236326452111284
5920060095363145
2584390009177928
3311376608077435
0808798881796498
7912014106331956
6553285838933952
3991290267284631
0207554760732103
9211404866257832
0919186074643950
4443102810983746
2949963164775846
7739257825514258
0831092299374520
6677652514776940
6056506156145134
6638697951841821
3755123335881206
2001862427592659
2743748135395821
1062134171485353
0086807906383110
1801245341731789
7513415303562991
2798247146545237
3558370211968912
6086814494688437
8799191078451467
1384342779386418
9746091119754326
3702821453994669
4616687266065832
6016922392369882
3805223347628012
9786200269739918
7053934714262762
1952187687565839
5704155643499620
4586367306769196
2678903407966360
3703215687960139
0715428272458360
5283454970821787
8029643138865007
4277364110698143
6398968689478456
6235484346642227
4860175234818683
7506509328482102
0389312608644574
4323579533138512
3129861513424074
6731138884802108
6665155835167558
6529294452115876
2333250810802908
3521478020489072
3108424543305422
5725729074998941
0527140627655800
8475640212486290
2133302343484907
7456670990797750
0646278835520383
2220552693374204
8108551748114599
1807399214239200
2052177553325014
0621002533579104
4414970132310995
2601311482760366
1025598529469393
7443111804471290
3569531507114017
0505027294534837
1159480346990821
5997386957008880
5321313558714462
6653223814715498
3277447401832167
5324300115339036
0725750287341168
5373288634703247
7657320601459955
9384090467393489
1221317678129840
0218637116786206
2935264055512005
0166270507223195
6834094017376501
6872129593901547
2412865219750031
9171030014107358
4270375873948823
2168595385359241
4492313554425263
3130720367484084
6642036918358829
3349586880746735
3673426468305340
1770545522746726
8545747533237247
1854129258163531
6765678456308371
7844409362208348
1781635598727043
4588119202457404
6267212686811169
8231471391500358
1437255373141721
2447231989193754
6917023290436260
9041271803796999
1735599563403107
6899028369379405
0752330154952051
0632660969306570
6258599917365366
5286419359278849
3692591895123166
3504038869357135
3385398186406655
3955141920824320
8146323919284178
8770723615456809
1191344919458957
3379915921985757
1187825980937482
1524910202465397
2627099755736567
3969440533061195
9530569105597963
4908045776059662
4978491284256342
0809733062611725
0670381291325465
0158432112710885
7469868934701220
9461960053203936
6415383294641273
3965245245469437
9595396625983771
8612378511643289
1383996217137752
1142676317552246
4515216625497704
0820111570083525
2003185391332907
4559880584927578
9018824840895143
5691233602614707
6333256547674137
8147473416407620
9081409489601032
8518111774664029
9031066118092484
9820082050856188
9700634536664533
9002001702101812
4860680201720963
1217387918432402
3089818657608443
7081512949222824
0548477441275437
9725501529378304
7947299462681693
0757600584355735
8591752492566665
8446018727550474
5775738015225478
2272603735747302
3356547772256930
1719953075254220
3769838560002298
0456972390338139
7103848848957071
2085694738360885
5202090384776050
6255141873359113
4873270460776265
0317653706770363
5067714951399075
7867631925164575
5110683518235457
6104324016617272
8746226293972713
8256068940175106
8991062042568398
0139138857834408
1812993270725138
8498679181806991
4661654950559670
2444770783059635
2081300369332316
9394289391722756
9711855707078461
5360759362307787
0503289427048815
6280001726178765
5233745827684118
1205822048051321
1639631165557745
7735191779614999
9531806549630436
1996346985585060
1146658926549349
1892185344653423
0432790306636052
9855936432032539
1240227827563843
7092555880664311
6010924145549202
6027538443568461
1750821215366560
5109370460506400
2063054289088436
5196285905717494
1948365806013387
9113428404228893
5602167244336832
4787972954807656
5444004788192327
0335350966509134
3905375544585892
0059943928650802
2024126893896699
5075668088961744
5674376774413853
4845751822933702
9893672119587472
6370505716194947
9473262152490947
3671650166497515
1026003137500585
0636024257448810
9636533522786494
2193806552304909
0327037150655150
7038075121779533
7620699794911424
6777379737880368
5181538882918032
2063873738795325
2628688000113292
4198075963308243
3168724149451267
1024200821809265
6793251656957803
5989397329230779
0831540573549664
1127729166618395
9128527601513145
7641215058129355
9755377874560173
1912171391296662
1023314407430475
6080319414713542
0287184281878927
8535142997069930
8491445696562229
5408802153017996
8468056575241634
5874817969883382
1580878748868354
9400668356468845
0400554449253191
1671613546393766
1785625100073849
3520746530457890
2356654198009125
0168477892316732
5808258740338627
0499041738311785
1418003859214569
5381690817081919
8044092128300407
3975661240854486
1763763609001487
6307838141360774
0710734616384093
3911126216507961
6486792705300520
8929629898766359
5300569797812088
9703331494070143
6703715954150665
6860673173511589
6842072916153866
8554305601491359
8470765328058478
9128353103083394
7957332446477053
2297632492224602
9208019490262747
4758829897373572
9407609357011756
3672583273436131
4145289180042486
2072155247986639
0108190685018320
9086857312391080
4780284301917237
5327958957309778
1091025573756924
5920035482885173
4331862268865822
4229012422591722
7625841388481010
1387043320265189
2079402733857229
3177694073540758
7410170273419808
1074454168866282
2141782805927521
7321081733279436
0597253019869095
8948237878556897
2042058747895731
7985857993485380
6742841661462124
1639776120503990
2233181081815735
4878629467021604
8956458007749112
2081324420924982
9101279026514261
5429929936266082
8426458315738833
6311934606197558
6600147460290032
5554846649234281
4711756819023071
7481128465396350
5395774975535644
9791486511562981
4795342927264998
2136562526267841
0257433014856589
0791945679839641
1637479169482104
4199652117589094
4765767150921439
3890116595109458
3101410588462517
0684354036761432
7427301948409750
0699437141025896
0510519968514907
9507655803234261
5535751088436323
2414153807089198
7332125548519717
0552622512284808
1860720396685193
6092891124167273
1095223533440449
5242255093024917
2082785753488838
9255913716551494
6640232793768858
8107670023930974
6938316407040676
3336147291007042
3896619537030413
7238848478216895
2197838763422932
0654750186618555
1205959685061977
1913406886726188
4638225607283648
5596069780034749
9848311210578810
4087914502802277
4078237633226142
9776761509253906
