3119178895918439
2120060797377218
9858509186988772
1391268865451214
6391481513190883
0697473971483910
1280058018404441
5342547359165212
4245038207639425
0174881389877841
2901888624506535
6813736989856243
2278938806399796
9838312181366102
7170585312557833
0061488493893247
4019702672180078
7493638629090475
9044303269542937
1708803444746662
7050520712371006
2293564491200582
3811413618583282
4558270749970982
9340862915125098
6270626469557436
7425333831962327
4956083758788367
0067865733794801
8102755896732025
8827624220938506
6443290239075662
1535625984886402
8409627374473525
8194104388434526
3732563704810366
8240546242840261
3434112509889438
3180050977866785
9263324208592908
1074454168866282
0429581079142101
5115560238680444
0281123427918307
7972537025310236
4062180652159320
7615930937088442
4732612088540875
1188872756130669
9964874425732103
2451723616981467
7770838213198044
4909755821591847
6122155083160820
5936682335701497
3705229119174252
8263555818762259
1756895777404187
1523666921740772
3242062703893896
8753324796035314
7181493522023924
8557279512917833
0782155054675081
2683038816412183
9777665469859989
5932376949305694
9239976130620827
9225442523045630
5962159949551671
5478792772285991
8701993434576006
2834228503391552
8758395845049687
4183276948524704
1290605214946991
8432979041466377
6834558718626360
5921210690058406
5632988444815474
0436922594542722
4827251765582103
4799089011745198
6883650112121864
2983228894397657
3690263979816722
5082419783043736
9490410798668023
7659913337672149
6640821551363987
5539204512730161
2911172465511382
6289602045034353
8322989003609920
4305060187776235
9289650617820560
6951686123297861
7097425827494194
3644494034569111
4029746677511519
9426325176526626
5326852685367899
3925298365441205
3691230061913552
2169751971927037
6847033932450068
6688097731576410
6527971985661996
3431777523511296
4649718876145527
9461621479902208
4794575830567783
7184150832649950
0622411043791842
4555578101519491
5360966938085363
1230433358991861
2628557550611049
4822662006342502
6346237361272161
1250867663517159
5315039052682104
1530031525953352
3434371171169198
5790948729956103
2186520191232316
9736797642776936
9330969192260139
2894340579095812
7912902709071655
6852348890045723
3092090222515606
6337740924268263
1159154494630679
8940440883936877
5295563566350138
1729520674210413
8577293854899248
9976401541377939
4069096016693580
4530528894939472
7984268418780002
9965398009651936
5812866317561441
4243765909611924
7092604290264977
7817861620154174
3256101990505457
8910646026199416
7139287203307123
6571787796365999
1124768463691369
1114421448032412
3745113473239048
4421038317382813
7239540997560013
4347323013583602
7564259060572565
5918350258599906
8584294285135417
9648867885168617
7358400300119243
4137245769590138
3753882111806582
9627705064505983
2515657728339113
1766558858445284
5108057766770391
9030707448549156
5120193335860628
9494604006711212
3153675190450359
0741799182274353
8262227804667657
5968158620992318
1495216809511536
1958865134432296
4677862183830898
0723630735882349
5509401058975677
8563634195134747
9786308931464257
2171782600728348
2755716564792035
5990706938049836
8188353615194095
5162384820340060
5067497340721656
0493705654298259
2834749073743171
6133209286983307
7352874497617480
5748979136074637
0957665422453699
2591569074965536
0375745110240885
1034384160736943
8436515676441851
5252110004117416
9083161697267117
0035685068777352
6221517797882984
1127775073652502
4616314645396927
9973021912226739
7991082362671212
5308382458844172
1173620785883814
3854004394342955
2679536535027857
3620084512865554
5035762125459415
8309720640669552
8284377057354278
0724755518057659
3858924778362309
6083442717799818
3324028422133616
4831979408534465
4124608748192543
6774743936781093
8132001904822730
6388210976465568
6302124349557494
2994935653109104
6234141909588262
5823263921225640
1932815341782242
8314891642965637
4833934817984360
6371527386043638
3451134794633517
6130342702026486
8148917600692465
3762147809473636
6169230167764260
8027605553403181
0573232425474758
6799776599317117
2195348221754328
8834087197893542
8694063611919764
8218586415327244
1345901149797219
0259888450882117
3509177477960858
8074447921818504
0756222220965101
5306403222607471
7213939581780258
8514450520201861
2217949943647601
0279071624811202
7373796529374464
7640548709008824
3618093901290179
1772752279137976
4872364161265799
6430833813243383
6765273208435185
4715827570119818
7733681743453751
