2387431254472136
0907001903528428
0979647639632335
9753423351398790
5372170168415585
2202100561413773
2990561169032274
7000508951288786
4612673413387449
9760251819560805
6269535109558013
7043118782881855
0403363004900374
0514228518147484
9270089300834737
5957012058055684
3076174661624449
3733816648743900
7615714763847868
5322192969141529
9806548647159907
7997085805584388
9669639868938103
2150105542661226
1101341437463729
2835029061696580
4813544310376058
5190074256754373
4161224121702430
6823581294382553
2901888624506535
3431777523511296
4881985346615116
7892320085096012
3911300468731477
7979063304544915
0942014519604427
6156657605262618
7801833255752802
7732407650135099
6508095136607048
3049512216393338
3107924103069456
5169162865311459
8586494807446726
5029704662813380
1805307635564032
1539031724189300
5389456670682050
1203357643381228
0602658985169124
0216519915668667
4974461002008809
1644271814596941
6665155835167558
3177068002947527
6102536293896338
1397190485811267
7611559630126226
8173378726733122
8038166896879447
5189180737206232
2406867656111498
1412188541146321
5859772357477134
0326321170602739
6419220260106427
2795152154659933
7343119567692694
8102755896732025
5683293733841374
0309157540839329
2734203117778600
5291309702230117
5918350258599906
6033516785481779
2279975118108820
7659443408776211
5777699053894782
5827627505892127
7760594994793832
1481276383743867
6760789832926234
1371577276483858
1048504721932307
2914643532111011
7881987532843700
8248342079629374
8647922327100953
5334131860888930
9913529831985105
4198075963308243
4384755600168465
3526964931609975
7349950103979107
9904070947832545
3009090682425019
8115160528911145
1789196918994788
3129798508009056
5161660188380421
1535625984886402
1958690595894594
1405100203133067
5996181459466951
6223423587997333
6309436191619392
5823693783449791
9305671671519068
7767720735788659
6165304398755510
1309373274619373
7694622713378423
8843357145282291
4254898091542687
9780352439410885
1642083834158700
3177694073540758
2401618350456850
1239408708471660
7437976888724293
4510097981881186
7179720346302573
8231471391500358
7480418100713613
3672547273353904
7507841142527331
1613425384707591
3876752605313288
5980358582447488
3425817209646054
9246377287833779
8834087197893542
1314901111475602
8780105727404133
4558270749970982
2195348221754328
4101562077663619
6666089513761587
6327703613785635
2797502202617114
0957665422453699
5395774975535644
7472133316065004
9113060409301609
9965398009651936
5649236321441309
0429581079142101
2444930519599617
7366807766543442
7358400300119243
3975007108450559
7499608419617667
0918230852307211
9396403739008267
8060514879935984
4200349501324526
2381802193180578
0451310772113076
7828878624890195
1179525448575089
1381105054474728
3413259037836385
7868828064676031
1947326193452969
9746253467394955
8043286825467803
0598463721997774
2842691977953578
7558531056409406
6438374644753396
6853382226977684
4581537476491370
6637306027529983
2121686219033754
6508618435773438
4910241356954777
6347400432232688
7267507565320007
2423245969935715
0108190685018320
9162508978945887
3361913845637197
6853427939982300
5509861514896982
4701106739838171
6641904883344974
2486121889068339
7961149719224268
8573195327542061
0392355990101557
6338258664965964
0874491319279428
7520248542757602
5074821829802763
5421965627684351
8873149632621307
4420879609589760
0035685068777352
2268580664900763
6640232793768858
7119339879822656
5342547359165212
1690166486230851
3952202974431360
9208665857677299
2716909012512069
0608337674042057
4999713109630711
0332057573470620
6298207659237978
7838446217897233
1524910202465397
4062180652159320
2794888963106382
9906430445327093
4634684070861632
6900483130650896
7947299462681693
0448980118528732
3439967351789116
5333250355049814
5382295294866944
3638025215373426
3423593927375231
9395881112357637
3494982072959140
9987263697355294
6713526551328329
6457381398342917
5339226046436113
7633115237379209
0859504844227534
4176175563962222
0466799995060671
2711675707331844
5221863351791074
6158036609486608
