3730963550983238
5628609385914930
1714901920795713
4581537476491370
7185441234763108
0962359014791482
5770791208849986
5886956823665889
2257137656357636
4338164586147110
0475414808099577
4918605781599309
7807968648268753
9803419937796467
4380012729471796
7906603173916075
6213575156024605
4799089011745198
3906913063084220
5957462549313265
3683841585212260
7005067701678789
2858308380912191
4241281227925915
6108833643450559
1958865134432296
1398089395234237
8432979041466377
4526538430049074
1740389969662640
9324875656399064
3505246008188178
8629264032561327
0969811763922249
0424118770196727
1228095520138716
2217949943647601
7425333831962327
8366139801463833
1469348520281872
5651723181683352
7431635589568808
6715272307281643
6395348780321180
9246879554920774
9763429763229940
6901877100735642
1063394358717854
6537412973511857
2755662420057971
8267128111208692
9866858833240787
2113710302935708
9124715219673779
3708274718117411
0756222220965101
1298233639496832
8758651495157869
8899310119040234
8897773821703545
4729992860551883
6189339614488552
9186076680783931
9998534861537706
8312936087083170
7146451110689829
9393213180145144
3212554947885212
2175446698070579
2045281406939713
4869367684688256
6505881046067958
7346061836344636
6803748367761028
8214476768978726
4339301411510391
0398043709289958
1666490085019818
2393241443461961
7486689110603841
5891515058796038
3082697882570018
9348932103685382
8618494924305058
7567273289451194
2800284440278359
6346237361272161
7083340960201058
6807552446184730
0807911743415172
5653559772140199
3879358490629748
9116864917971678
1846996596566833
3933331339816537
0324062698138486
6636371751614312
6453091384982419
6159093393030461
3791152501555452
7981639123946664
8484782693209031
2912105101706414
7234726629069856
6011242357745717
3705381782937920
1377737274047962
1530031525953352
2276051145668551
6568356253988697
1683146516050741
9705001233749286
2032317380293711
5479961385636219
8265116967095452
4304896488909642
2885714064854451
7777119607530651
2296601386905935
3751378355325825
5121987889047234
8109474331855374
3967249729964010
1146514655934224
9176230219066879
6596668073156617
5860088594236271
6535317797882669
0261961257446579
5912367932152735
0083551905883357
7458825786380786
9647176058610268
1910004746514086
2521717225952435
9193053770723688
6136249880386507
8685795545223137
7143903404972931
4157530204814295
7125604047667522
4754986418907365
3880305120359632
8772511485766191
2976870060878998
0385508203904821
8198945199281307
7159756327114350
3128218938439663
9786308931464257
2493393738513929
3702309361932497
8882421599534233
8444049750045998
0117738565590122
9443157788202585
6408703508331187
3909180953451579
8244055079402116
5849488178273215
4923075401220906
4029511804603340
8976306450816308
5249429182229900
4460497933293467
6881438429457157
2293684910694713
7433265293932305
1790451862782581
9770069078554162
1535625984886402
8335540533413025
8263948217533597
9821585244827807
5789754362800123
9304963655988085
1636361552248828
7053426037771460
6516064880031804
4098098876460779
0960639462723559
1238705827399587
3088917031121064
1193217044411884
8741012917016773
6054241254043532
8098214758215178
0237223107725054
