2477018974584848
9586202338810452
6411412202303140
8141365829765861
9183198199283979
3738659013948525
4516049268325580
5100882902316977
2524637950021251
3740681990984284
4302834131213007
6232915641401989
0768760617808822
6371448830996495
0371656486261401
1118387836516000
4859463113396136
2268213742634853
1576623261329113
3230204157656121
4378611093839284
7165503169544767
5560524525045374
4058039952421705
4277805678861544
9457187161206773
1251756175878072
5250655473775276
0421567363320378
7806736909195855
2023966944059007
7248126740420735
9064154111236689
0615957559170622
3753762329964567
1542480460084518
8194857222185695
5872452421144865
7513207842585889
2358264012961607
3329288216605766
1925460616685386
6293629435577521
6307132797544251
6423853577820958
4725206465005998
2054974730445323
5798659856200329
3126813039658856
8812032475104153
9263797728130316
9674843691817678
9353866865472022
6876954243774464
4980149933999236
1780743704368286
2502752385941894
4400597671073289
4610212134813343
2672689467370762
3513882369776389
9522289039546967
2672736578186109
5362855956245676
5614296363281466
2588406543473184
2848841138867686
5072554913663804
6508346152048330
2474096401116278
9553323591291948
8409495775520342
2932353834311236
4726822007000628
0684704531066899
9714394540731012
8478598154012947
0793203959625314
4033948977081775
7579366556459919
5707668618318378
9200779090694284
8833587136912996
3082768840108816
5880547936506136
7581179241493847
9648583745536616
9554996599011871
3077272822321134
2009649330912680
5515637339275988
5862080409520795
1391048714535049
9667554483949933
2187503427859845
4803594791585565
5233854244313683
6239079868743666
7363625374110091
4836441146837696
7732686629308782
9563294230737073
6798603572637621
4161447860709441
1474551536543311
2022556504178517
1380132748243477
7616730871226769
7827678924719094
1690404288743422
9425304509311871
4485232173307692
3719875208977711
2917024636534345
2611655713418600
3988010684043477
2199648331239187
6917189940573959
7447966582100599
3638580325314825
9562080647689316
1594655828470538
6769041729814040
0307094736395691
5899301843270690
1927953934134813
3175678918094240
9597961120126145
7250703550298010
1179884539463385
0023010302334407
3277197314502946
2136263841685333
6853873993357538
3013921866070769
2359302952334811
7437392430821232
1615777788026524
4963703327914552
2795152154659933
7789919599029387
3097987679294992
9415448905437513
8955148328244946
0735864243723534
3998471745530201
2117484495394739
2516576013145736
1977910283884795
9330322803478604
0040216513274946
1409535701037658
6532658354880159
9148835457633608
4563097677095912
4113210933645143
1166082273118561
0757849854011302
7500345070314843
5247867999547107
0968312399356077
7611255279256354
0068280690051665
3324903610956911
5192867315607387
6765405928900258
0752757932530353
1492539931870375
7143903404972931
3089829560194343
1690222566666566
9568290422386369
3939675097518536
1702894927029132
6078807757550221
7705997699441702
2772514588672749
6445009125805492
5798978199879635
5363817333961301
8603656254260058
0775626472326331
9380708907565481
1163507899273089
0051961566721720
6982180515064432
3494737393160672
6041637213975574
2373996290488314
9693260134735590
8930167171283194
8115891974292136
8991595196819905
7018424676087673
2397355224986478
4917812788962543
4515924584428591
6083484672796020
6246638113913607
8271263203866466
6249103314811030
9114863442520568
5487024766818655
2490410060083210
7542215084868747
2669979608734253
8032622593726553
5516557833070614
3749421379531019
1642179654847204
4695253173194100
4955013015355521
1050772638134687
9091096622830762
9720543173024911
0615906508566030
8892424598777271
4017666206901503
6648275704874653
1507724833376587
6897277608755605
1128875156654825
1862525246198148
6775248941851933
7885027624873201
8677093194377784
6542647661746538
3734148703814799
8577409418246025
4189295042452595
1260681290337150
9186114957390397
1662396104063661
0509437887301504
9243256514162680
4878773771779475
9224031120140216
4819009378941531
2597876374325361
6242872122929189
3778231559723200
0091700607935386
5308514505643470
2224179573600183
8827860965964596
7831421520563898
2265577137474794
5065261851012464
7928487134916005
2030093746344243
3304860664095217
5079520135167362
0181240977859827
8074125543810839
0733800083640381
2471182763547720
4163686476790865
0730233826141181
5650052112742310
6453091384982419
3220252884979894
6274999242866961
2813762567024157
0875612111399483
9750788125318767
8375237914547636
7194632692616046
8559694284758206
1901605684390187
6198396030137264
5339107806669913
1927157893322384
5463032102993119
5404696414918481
5855260804080050
5333619263344679
9280378827093930
8851883472629670
0361040241125214
0827064443545671
8717562183296254
9488003400451530
5072053370557300
7079384041018545
8660257545492155
4326109448379822
6996390020394266
0040733654077033
0654170681590024
9418311799417480
1632725814203361
4378487647374583
3107775037391713
1964633061873137
4947591243982357
6104330633473191
6514019905550237
7778808512682713
3187086833192333
1765053492320597
4796723835016685
5205355303433030
3187440901132148
4847427907053853
9860309373189150
7444449891704854
9869739166850881
6151185710097818
6505881046067958
5185380993651935
4589310656922886
4099992332439295
9059584066386302
7308835024582083
