5715057849857173
5605590098640584
7894554599919972
0300528206154701
1644854912506311
4626724679640182
9579012777524342
7669967284860729
3870300970951275
7412357559770817
3035239880714524
7662796111326087
0064806724429817
4703015447173949
2006955162455558
3760467350102703
4477427323422726
4585272413204502
6785547194105600
0516941410000104
4741808544990010
8496716957724133
7941454704661376
5722721476354670
9527193250756102
3829032856704861
9191548792443062
3094614769262212
5550971865158975
9836600520728479
0686934471469650
2401818255539744
6051119709973075
4999497203716488
2518489160711243
3823583122860034
7834697572852953
0106547085848460
1898710476426863
9081715996049817
5498036360601584
