0.0 0.0 0.41547619047619044 0.0 0.31785714285714284 0.11190476190476191 0.02142857142857143 0.014285714285714285 0.0 0.0 0.017857142857142856 0.0 0.007142857142857143 0.0 0.09404761904761906 
0.0 0.0 0.0 0.0 0.0 0.0 0.0 0.0 0.0 0.0 0.0 0.0 0.0 0.0 0.0 
0.37770562770562777 0.0 0.0 0.0 0.1980519480519481 0.2575757575757576 0.058441558441558454 0.0 0.0 0.0 0.016233766233766236 0.0 0.08441558441558443 0.0 0.007575757575757576 
0.0 0.0 0.0 0.0 1.0 0.0 0.0 0.0 0.0 0.0 0.0 0.0 0.0 0.0 0.0 
0.5297619047619048 0.0 0.3630952380952381 0.023809523809523808 0.0 0.0 0.0 0.0 0.0 0.0 0.005952380952380952 0.0 0.0 0.0 0.07738095238095238 
0.2611111111111112 0.0 0.6611111111111112 0.0 0.0 0.0 0.0 0.0 0.0 0.0 0.0 0.0 0.06666666666666668 0.0 0.011111111111111112 
0.25 0.0 0.75 0.0 0.0 0.0 0.0 0.0 0.0 0.0 0.0 0.0 0.0 0.0 0.0 
0.09090909090909091 0.0 0.0 0.0 0.0 0.0 0.0 0.0 0.09090909090909091 0.0 0.0 0.0 0.0 0.8181818181818182 0.0 
0.0 0.0 0.0 0.0 0.0 0.0 0.0 1.0 0.0 0.0 0.0 0.0 0.0 0.0 0.0 
0.0 0.0 0.0 0.0 0.0 0.0 0.0 0.0 0.0 0.0 0.0 1.0 0.0 0.0 0.0 
0.4166666666666667 0.0 0.4166666666666667 0.0 0.08333333333333333 0.0 0.0 0.0 0.0 0.0 0.0 0.0 0.0 0.0 0.08333333333333333 
0.0 0.0 0.0 0.0 0.0 0.0 0.0 0.0 0.0 1.0 0.0 0.0 0.0 0.0 0.0 
0.05555555555555555 0.0 0.7222222222222222 0.0 0.0 0.2222222222222222 0.0 0.0 0.0 0.0 0.0 0.0 0.0 0.0 0.0 
0.0 0.0 0.0 0.0 0.0 0.0 0.0 1.0 0.0 0.0 0.0 0.0 0.0 0.0 0.0 
0.5984848484848484 0.0 0.05303030303030302 0.0 0.2954545454545454 0.030303030303030297 0.0 0.0 0.0 0.0 0.022727272727272724 0.0 0.0 0.0 0.0 
