8976306450816308
5159242293050281
9186076680783931
1435227207179790
5925280745485828
4733888795822361
0067865733794801
1739702914949735
9964874425732103
4907808183266433
2779109234901552
3367851356455715
7488947137531256
1140012060761818
6580445674881860
5120193335860628
6723824309330493
6014473530559389
0776073519691539
6133209286983307
8263555818762259
6291434664742280
1343590649487410
5829342541857197
2058347369890530
7823731016571209
4452650152311645
3644494034569111
4827251765582103
4935064320251301
5657478734659332
3430484825332979
7425333831962327
4780578564931728
3897693315206213
3611312975264556
3295370571334215
1982252146006688
4866170062696360
8317605349425304
3179560949687613
3310676280783039
4066112058866171
8903118201027369
2171828464199433
9214879534215945
2514996973347100
6930037854782794
3603631937933639
6031149818860665
4949457063074697
3509177477960858
1905711299836661
9817271495610714
1293200116044416
2554509868510718
9197210255594409
0724755518057659
4071942459412262
4022836598139408
2866573543134843
9426325176526626
2288114070031007
8411685341334717
6528662364512945
6654974812569635
1743457470942531
1153318918143275
6527971985661996
6477941840638711
8604609987683402
4796007900701417
8173179295376488
8343927759839294
1554333812080308
4993204839198672
0050530007780537
8910646026199416
1729520674210413
2392406298045396
6495595015806373
1507881536646352
4122608781401628
2495703025701553
3618691030393718
3672437413599685
1127775073652502
0957665422453699
6356434063521758
9856476257472855
7829986341862797
2255373096996741
5137150714995708
7050520712371006
8940440883936877
6868423702339380
4247971448700418
8181788948588711
3820562952937690
5080819854251237
7438601088324262
7000002745065879
0429581079142101
0957577806208187
3180605127656954
8303024543041443
3135081161167616
7358400300119243
4787473374325220
7170585312557833
5033930756866717
5136172181661666
1812806190521028
2515657728339113
0214528880301310
6710506904906865
4530528894939472
3278528112652257
3872457414374904
6234103662339017
0783231483314728
7373796529374464
8419978758760463
5440763541283583
9619857537935351
0268737424253522
1960968397477877
7355743129213406
2159416790334932
7948231231579656
6140458335560178
9231820567606047
7075471763804755
8061116877185683
2285492734905080
5269711866444667
7222971509190167
7986883288512102
2186520191232316
3214655794405009
1305553577433058
0308081434030787
4909755821591847
7010012819835496
3303723922517757
1523666921740772
5342547359165212
7057387874580669
8332048666190385
2031656531545882
9717916074631230
7024832447508523
3644584517452341
6820690697107106
6541499047418079
8462136188746811
4677862183830898
4736090049954811
5115619055593854
7459851068586682
5046825191910580
1247084092385029
0667595639623212
6966978781439168
0060995911027838
5850787979511271
6757715440030373
2195348221754328
2206069579343853
2780909670775498
1470246355592742
7269967957109739
8432979041466377
3952202974431360
0577968669754603
3180050977866785
7106567615656883
3509883977768534
2413267462841433
6152004648193258
7593996891211547
6453091384982419
0723689903720938
8240546242840261
4026858447883658
7984268418780002
0493705654298259
8194104388434526
0316872375852250
5998337634888263
3242062703893896
6050977355967432
6820664435188528
0551336831444331
4226749999424865
3368639921194981
1888388248956790
4141564972275445
4590764128651556
9956303513828523
7100351444916623
1858620455324610
0632912481397728
1146699760246018
6840331067743251
4193402330362099
4574411702202346
3096685020723658
9380119916150863
7493638629090475
0381402687491195
4901431784095452
2430552009733935
9933650905615452
7892882973970151
2471385005173941
7213939581780258
0795292425372812
4731362243079474
4239299018473823
3444129592454266
8644354294696178
2811263859126204
3923033882753088
2938841071478743
7239540997560013
3148542642304707
4866000939284287
2504445010542631
7409321531977750
8959671945897906
5162384820340060
7591460969135629
1639776120503990
6415377512088346
6578657422267764
2003461080025290
1435414547926102
9646799989531481
3451134794633517
4649718876145527
8220209819669257
4137245769590138
3429910666709013
1200261539999790
0003899410308014
1584302888502091
7682630378804541
4862542888649211
1006133595610307
3498083358738643
5308382458844172
2328847377536421
2839735348870197
6436639241789288
6443290239075662
2617047547873610
7885998850178289
1174905383146257
8935363911640455
9257188178085094
0299258047786568
9814026415075608
4703181040916099
3804524008866585
9330969192260139
8794615124806230
9606094087435023
5918350258599906
5336975934473060
7289264796657969
0723630735882349
9597005238481625
2259076244255313
6716019534474825
1530031525953352
3015436043941704
3525010684893831
7202891297011849
5478116068552992
5571727582298653
2804074132459564
9638894751959867
0808991927126468
2370786724924371
3854004394342955
6920428131714639
1188872756130669
4055079165002493
0209349723110764
0899995091619346
6320803631314170
3676462220401452
1114421448032412
0256137787866684
6974857719805093
2836191867766633
1810742979114260
5125385801750761
3924543853455389
9107778908448006
2901888624506535
0814992215254482
8381181689571420
0004405929946327
5678275815622673
8409627374473525
9907905714878969
7747082409876496
2263515691905219
4142142120202605
4183276948524704
7624243404083535
1833746881496736
9809067210967192
3206339129369204
7564259060572565
6280037457340652
2974319270935111
5478792772285991
5811380100727537
9585282543022551
9046712519185233
3464810678760688
6876593588999622
9095874706106615
5513978376671756
8321796631800718
1772752279137976
8630822520302072
9050729757066272
1325229482903781
0789733989257294
7703659740618915
6160006885404806
3832620216883550
5505402632048385
0016997966752726
2120060797377218
7869709047931585
8218586415327244
5778518594595738
0845421586641237
2812374302014326
9907933151776425
2123249872221371
2577657690021566
8548712874557788
4263468711432339
3675568047089505
2463228129218635
3265754156280347
0834668419587001
8741124364246075
1803278309321485
9613795097580238
5921210690058406
0176086215811077
0523324471754771
0708957877089759
9002619114161319
4062180652159320
7693852540625259
6529823743245345
1283081812633332
1248014510344528
9668291432330877
0122192880938892
6443913516649553
0107852492367442
0568772091161890
1561654037297839
0104012726640335
9766903821154278
8702045345660264
0388203892985812
2318820439786821
0671740570551305
8008266182700826
9703610317392144
5591867184048691
1141170891615232
4347323013583602
8654965462626216
8424090424966633
1230433358991861
8548104968768314
4360873591646028
8625874197256019
1626723325907340
4709226576623920
6309436191619392
3858924778362309
8155138694935744
8789110916123550
0737208711013327
9803419937796467
4963218454931780
1362089895548709
5767899024347177
3153675190450359
5970082864547230
4809936850232418
7969364939357622
9388240356937546
9938146401602164
5932376949305694
0159911069166581
7181493522023924
9695542424889786
9461621479902208
0003431370671298
9720274214573371
7331185017499026
7508414375695383
7211415053407035
1723279887969163
0705064905373247
4438399441102990
4831979408534465
9836993435145470
5354672259947905
4251174810000113
3114111479745705
5617131826091718
5315039052682104
0697473971483910
1613878711251821
3434371171169198
8522084015224661
2479936260787491
1900699484183613
2780365724645818
9371597807489520
5306403222607471
9558308121632441
3732563704810366
9838312181366102
9357386686835876
1241364723966060
8568276020366463
7999741482353508
6221517797882984
3656353579832157
5042847933390355
7484031579135586
4943655471147347
9824637141307016
4046398304262669
0467631857202548
2174542340618869
5431203157672972
6130029713135764
9504755418661506
0269816277533872
6889542537951741
8683316892414157
0301671834066522
9618572624201461
2283589582077181
8834087197893542
2994935653109104
3856554957880380
4780186194447993
2888354825115772
0457632122660653
4480605521956487
0612085923840406
3706106054366883
7251598207534325
1572033392863945
0765241623837363
9643397900925253
1074454168866282
7928208403989434
0751445618187274
3134838655531238
9768811534147426
3925298365441205
8102755896732025
2434358802487961
1748201722996439
9155451674638457
3346728024391774
8178771736139529
7794382045548190
6721441488482076
8568010039715375
5394512188939962
1681426784961393
1445165723168386
0998929719170841
1087619912727132
1379682125857376
5600708820877220
6276900904765322
4120411811584664
0241179746228711
0281834660891592
1602653870311562
7101568985428587
9257945961345588
5641638678308836
0032876104097296
4558270749970982
0584086832551726
1262160817438979
0456936032806226
2293564491200582
0649095548777401
1850072107748455
7463324178224223
7102828281487633
7659913337672149
0741799182274353
7588733842958919
6131611636762968
8305119564170062
1505400360366643
4974948773862170
9131212914993459
9464204067368937
0448110648723417
4616314645396927
9369277271787128
2983228894397657
2046473694108264
6526157510240251
0913156373807120
7991082362671212
4951849960567559
3867784761071094
9804351744503274
1535625984886402
4550627569914128
4067015829295547
5292067792935747
7025690207258021
7656931991723109
9340862915125098
9702503531598694
8140494122257511
0281610274833742
0782155054675081
4546701843297248
0866183990911407
3434112509889438
6516064880031804
4136352953168873
0787346199237325
0234920940703210
1322867469168117
2057133307853238
2478051365107560
7760219759813661
3550022124163158
1381066386437549
5995816876778042
9101516032931768
7032806488934374
9346462712672265
4382375440812889
8777992896280806
8026555900373807
5923938048634505
1622593528670181
0190923773022708
5366737336505241
4581537476491370
3551253565698599
0550398155784631
6298775450874291
9769007335353602
4016427560803565
5761360948515271
6913799864277174
8777975593184455
9053222692805984
6546842202237520
7701001543511559
8188353615194095
9476567276547148
2710487912428155
4486125285900563
0295953435329610
0759831827634036
7927877224326837
6130342702026486
3431777523511296
1560343364131169
7352874497617480
3753882111806582
0623526904325926
1240875990317574
0158798977303335
0035685068777352
5968158620992318
0630926444038322
3620788085564035
0701679734111287
7637969345259917
0692713353762468
7557747681368877
9778260600287523
1159154494630679
5062725349771743
4933022274560322
