6516064880031804
3967249729964010
8444049750045998
2296601386905935
3791152501555452
1146514655934224
8214476768978726
6124039587776467
1193217044411884
0962359014791482
1666490085019818
4029511804603340
7143903404972931
0083551905883357
8267128111208692
9176230219066879
7005067701678789
6213575156024605
6346237361272161
7053426037771460
2912105101706414
4380012729471796
3212554947885212
3730963550983238
2045281406939713
9705001233749286
7146451110689829
5891515058796038
5722715501415634
6108833643450559
0324062698138486
7433265293932305
5789754362800123
9803419937796467
7567273289451194
6537412973511857
3128218938439663
6054241254043532
7900381645698082
0067281135180613
8685795545223137
9998534861537706
9763429763229940
2032317380293711
9377772041367252
6343785110036845
9220568701203441
5485990810277162
0117738565590122
1228095520138716
5886956823665889
6136249880386507
3727908182662003
9866858833240787
0785332766438082
1683146516050741
7572795941731427
0237223107725054
2885714064854451
4241281227925915
9445730779415218
6189339614488552
7159756327114350
4304896488909642
7906603173916075
6712127307223557
8772511485766191
3708274718117411
5653559772140199
0475414808099577
9647176058610268
9443157788202585
4754986418907365
4157530204814295
4460497933293467
6971504594383453
6159093393030461
1636361552248828
5770791208849986
4799089011745198
1614872930046854
9173031583799072
2867664802722518
5957462549313265
7185441234763108
1377737274047962
2196414241004695
0385508203904821
1469348520281872
7234726629069856
3694625045276063
9096272786070977
3702309361932497
3819068946086008
3104903504034600
5860088594236271
7777119607530651
9124715219673779
2999905098847911
7807968648268753
8312936087083170
2175446698070579
7981639123946664
0398043709289958
3751378355325825
2260075844106977
9246879554920774
6505881046067958
3357905883226959
6812635845529585
2493393738513929
9320368429325482
3509130245153265
7431635589568808
8109474331855374
9186076680783931
5479961385636219
9333050069135081
2393241443461961
0570082225127827
2293684910694713
6881438429457157
5249429182229900
3088917031121064
2800284440278359
2976870060878998
3909180953451579
1535625984886402
4816515866712611
3683841585212260
6803748367761028
8198945199281307
1846996596566833
8484782693209031
6715272307281643
8244055079402116
9770069078554162
7346061836344636
6395348780321180
9193053770723688
6535317797882669
0261961257446579
6568356253988697
4923075401220906
6011242357745717
8741012917016773
8882421599534233
7486689110603841
4918605781599309
7425333831962327
6174825782956064
9324875656399064
5651723181683352
1063394358717854
7121931064469117
3082697882570018
8335540533413025
6807552446184730
3705381782937920
5080819854251237
6596668073156617
3262036759491294
4581537476491370
3505246008188178
5160362838369961
2276051145668551
8366139801463833
5088907147180318
3845261787594038
8758651495157869
0424118770196727
2110194904901751
1541690930832179
0969811763922249
2217949943647601
0756222220965101
9786308931464257
6901877100735642
5912367932152735
5318861326059698
0931602554480652
1714901920795713
9116864917971678
2858308380912191
8618494924305058
9542504610783451
8432979041466377
1910004746514086
1530031525953352
6049495492341242
2113710302935708
5121987889047234
1298233639496832
3880305120359632
8098214758215178
1238705827399587
6453091384982419
2755662420057971
8263948217533597
4526538430049074
9348932103685382
7458825786380786
2767494720646648
2521717225952435
7750442248816222
6408703508331187
2782686105523364
6636371751614312
7125604047667522
9304963655988085
0960639462723559
2257137656357636
7083340960201058
1247314539789937
1958865134432296
1543451677863790
8629264032561327
4274127161117543
3906913063084220
3933331339816537
5628609385914930
8899310119040234
6261405530940863
4338164586147110
0807911743415172
8897773821703545
8976306450816308
8456614622284819
9821585244827807
9108383397996236
