0.0 0.3387096774193548 0.016129032258064516 0.6290322580645161 0.0 0.016129032258064516 0.0 0.0 0.0 0.0 0.0 0.0 
0.2625 0.0 0.075 0.0 0.5875 0.025 0.0 0.0 0.05 0.0 0.0 0.0 
0.1 0.6 0.0 0.1 0.2 0.0 0.0 0.0 0.0 0.0 0.0 0.0 
0.6964285714285714 0.0 0.017857142857142856 0.0 0.0 0.03571428571428571 0.14285714285714285 0.10714285714285714 0.0 0.0 0.0 0.0 
0.0 0.9038461538461539 0.038461538461538464 0.0 0.0 0.019230769230769232 0.038461538461538464 0.0 0.0 0.0 0.0 0.0 
0.16666666666666666 0.3333333333333333 0.0 0.3333333333333333 0.16666666666666666 0.0 0.0 0.0 0.0 0.0 0.0 0.0 
0.0 0.0 0.0 0.8 0.2 0.0 0.0 0.0 0.0 0.0 0.0 0.0 
0.0 0.0 0.0 1.0 0.0 0.0 0.0 0.0 0.0 0.0 0.0 0.0 
0.0 1.0 0.0 0.0 0.0 0.0 0.0 0.0 0.0 0.0 0.0 0.0 
0.0 0.0 0.0 0.0 0.0 0.0 0.0 0.0 0.0 0.0 0.1 0.9 
0.0 0.0 0.0 0.0 0.0 0.0 0.0 0.0 0.0 0.25 0.0 0.75 
0.0 0.0 0.0 0.0 0.0 0.0 0.0 0.0 0.0 0.75 0.25 0.0 
