8188353615194095
9998534861537706
5862080409520795
6371527386043638
3256101990505457
6309436191619392
7991082362671212
7143903404972931
7000508951288786
0259888450882117
8557279512917833
3618093901290179
7671363578256554
6813736989856243
4135614758164711
9866858833240787
0969811763922249
8618494924305058
5918350258599906
5689902631903063
5437247883737950
9044303269542937
0674791189757357
2186520191232316
4137245769590138
7239540997560013
6347400432232688
6847033932450068
4654251951434427
8148917600692465
6596668073156617
7659913337672149
4715827570119818
3730963550983238
3212554947885212
1322867469168117
6881438429457157
9246879554920774
6430833813243383
9124715219673779
1560343364131169
6684755558240337
9380708907565481
8312936087083170
1535625984886402
7005067701678789
8322989003609920
4347323013583602
4695094803653501
4732612088540875
3854004394342955
6189339614488552
2171782600728348
7877747460307517
4157530204814295
5968158620992318
6537412973511857
1228095520138716
6807552446184730
4380012729471796
1159154494630679
6302124349557494
7234726629069856
5321313558714462
7540097027176957
9700001213434251
9803419937796467
8265116967095452
1387043320265189
4241281227925915
7531478549178568
4729992860551883
8098214758215178
3505584601106640
5171007732651311
4668992443195213
3262036759491294
8214476768978726
4526538430049074
3749421379531019
1636361552248828
9668050791898462
1290605214946991
6443290239075662
5342547359165212
4726822007000628
1530031525953352
1543451677863790
0046116620157887
7615930937088442
9819015829001124
7425333831962327
9454054374479016
2994935653109104
9490410798668023
2515657728339113
7981639123946664
5252110004117416
4150874218905523
8263948217533597
6083484672796020
6130342702026486
0570082225127827
0756222220965101
7740838143777714
5082419783043736
8882421599534233
1074454168866282
7912902709071655
6146640930833397
4069096016693580
8940440883936877
8484782693209031
5968244801228229
7572795941731427
5539204512730161
4816515866712611
7906603173916075
1729520674210413
8930167171283194
8514450520201861
9108383397996236
2835864951583089
9821585244827807
6133209286983307
1756895777404187
4677862183830898
8580985583116539
2493393738513929
0573232425474758
6395095165722635
3845261787594038
8267128111208692
0694401174796400
0768760617808822
5121987889047234
9705001233749286
6054241254043532
6261405530940863
0067865733794801
4019702672180078
2614578988328870
2795152154659933
7346061836344636
9904070947832545
9012704117180126
2885714064854451
3509130245153265
7053426037771460
3562003328767132
9746253467394955
6221517797882984
4344589799192534
5067497340721656
2120060797377218
9736797642776936
4274127161117543
8263555818762259
4313455598047828
4183276948524704
1523666921740772
1945447546918726
8910646026199416
5205355303433030
2337716454002457
2293564491200582
2983228894397657
1397190485811267
1573586928647131
3745113473239048
1377737274047962
4923075401220906
2976870060878998
1230433358991861
5651723181683352
0034030372199818
2827325360244042
3153675190450359
6408703508331187
5859772357477134
4530528894939472
6715272307281643
3791152501555452
1200849593735259
9777665469859989
3876752605313288
9320368429325482
7904227795652627
1635688279204731
5478792772285991
9818422767414120
3431777523511296
9340862915125098
4305060187776235
5912367932152735
1249592966115552
1247314539789937
2901888624506535
7493638629090475
1910004746514086
5823693783449791
3694625045276063
6883650112121864
3092090222515606
5326852685367899
8409627374473525
1280058018404441
7213939581780258
1469348520281872
2276051145668551
7960881781532698
1250867663517159
2484520844365957
1180191347732982
5295563566350138
0429581079142101
5035762125459415
1124768463691369
0654170681590024
3128218938439663
5108057766770391
3683841585212260
8102755896732025
0640997586726641
3434371171169198
0261961257446579
0349581457615451
2045281406939713
5696172216123869
8703740676075525
8023294344647435
2917024636534345
0963588859777460
5363817333961301
3644494034569111
2521717225952435
0451310772113076
4070424978875304
3620084512865554
7166279400544764
3747106487460025
0591884939501206
3708274718117411
4918605781599309
9418311799417480
8987314526410127
9304963655988085
0385508203904821
9973021912226739
7121931064469117
6455337728419622
6395348780321180
9225442523045630
8456614622284819
1193217044411884
8685795545223137
6527971985661996
7433265293932305
8772511485766191
7892320085096012
3691230061913552
8758651495157869
0724755518057659
7838446217897233
9457187161206773
7083340960201058
7431635589568808
3819068946086008
7181493522023924
2293684910694713
8244055079402116
9239976130620827
9906430445327093
5308382458844172
6688097731576410
9193053770723688
6234141909588262
3509177477960858
6901877100735642
1238705827399587
1714901920795713
0424118770196727
5937912638355332
5632988444815474
1666490085019818
7352874497617480
3880305120359632
1708803444746662
7458825786380786
2195348221754328
7486689110603841
3097987679294992
5162384820340060
5852409796882171
7097425827494194
8834087197893542
2937260438141198
4304896488909642
5315039052682104
5221863351791074
2296601386905935
5860088594236271
6516064880031804
7564259060572565
9186076680783931
3998471745530201
6812635845529585
1683146516050741
3967249729964010
0234920940703210
1264392056208305
9806548647159907
9752753965948564
1925460616685386
8780105727404133
2914643532111011
6337740924268263
2169751971927037
7558531056409406
6803748367761028
1332423874353554
1345901149797219
7373796529374464
8027605553403181
4558270749970982
2734203117778600
7984268418780002
8741012917016773
4361220072322558
6083442717799818
7179720346302573
9869878599960320
4338164586147110
0957665422453699
2679536535027857
5755346260402122
7184150832649950
5921210690058406
0723630735882349
6136249880386507
5605590098640584
5653559772140199
8910557213253128
9348932103685382
8563634195134747
3180050977866785
6971504594383453
4098098876460779
0466799995060671
4460497933293467
4243765909611924
8240546242840261
2611655713418600
1173620785883814
1766558858445284
3084890968061662
6346237361272161
8139095662827864
8444049750045998
6774743936781093
8473729646872830
2202100561413773
5318861326059698
2196414241004695
4029511804603340
3557992461593136
9426325176526626
4616314645396927
3782737212818656
0782155054675081
4326109448379822
8366139801463833
0403363004900374
6165304398755510
6505881046067958
1481276383743867
9735880571976278
7125604047667522
9542504610783451
6289602045034353
9770069078554162
3762147809473636
5823263921225640
5789754362800123
6951686123297861
0697473971483910
8629264032561327
0833660378500085
3705381782937920
9324875656399064
2113710302935708
1146514655934224
8880807687863294
4827251765582103
9786308931464257
5464920582377989
3906913063084220
8335540533413025
7159756327114350
1846996596566833
4649718876145527
6539169612758835
2217949943647601
8314891642965637
5040658517432017
5932376949305694
7092604290264977
0962359014791482
1034384160736943
5770791208849986
5957462549313265
9599066478340811
8432979041466377
7998391975397420
0246431626397845
7821878835036266
2393241443461961
5886956823665889
7151015540719918
6702867386211399
7777119607530651
8897773821703545
2912105101706414
7817861620154174
8109474331855374
6274999242866961
5891515058796038
9443157788202585
8577293854899248
6174825782956064
9155451674638457
7185441234763108
3434112509889438
5012692005739995
6568356253988697
4847427907053853
5614296363281466
8286075130503114
9280378827093930
5033189741354139
5425237044575885
1038437165007849
3013921866070769
6636371751614312
5282393049163384
7789919599029387
8218586415327244
5479961385636219
3082697882570018
2858308380912191
9627705064505983
9330969192260139
3909180953451579
2257137656357636
9196386299886990
7615714763847868
5120193335860628
5482561647049500
4062180652159320
0067281135180613
3925298365441205
0741799182274353
4831979408534465
0237223107725054
2834749073743171
9263797728130316
1958865134432296
0807911743415172
1114421448032412
9289650617820560
5235773649631919
0159306111276453
1740389969662640
2755662420057971
9214879534215945
3702309361932497
9460305407798910
5249429182229900
7050520712371006
9116864917971678
9763429763229940
5628609385914930
4707599213895458
9220568701203441
6108833643450559
3753882111806582
7972537025310236
0324062698138486
9461621479902208
1310330487165505
4754986418907365
1188872756130669
8899310119040234
3451134794633517
1932815341782242
7146451110689829
6049495492341242
2473003981743849
9838312181366102
7079384041018545
3242062703893896
9647176058610268
0398043709289958
8132001904822730
1772752279137976
1495216809511536
9263324208592908
6571787796365999
2175446698070579
2669979608734253
1391268865451214
0309157540839329
4581537476491370
6159093393030461
2834228503391552
7279063146008344
0117738565590122
7358400300119243
7170585312557833
5820386011354891
6535317797882669
9176230219066879
8976306450816308
3088917031121064
9848311210578810
6438374644753396
4822662006342502
8414746286323666
1398089395234237
2463424367832163
5619667787620752
7807968648268753
4099992332439295
7567273289451194
5115560238680444
7079202837435379
2609654784637427
6508095136607048
6011242357745717
1025598529469393
3123518117881050
3672437413599685
5100882902316977
1101341437463729
2797840629976507
4124608748192543
0436922594542722
3690263979816722
0281123427918307
9395881112357637
6765273208435185
3998878800345082
0020850693692136
9964874425732103
6653223814715498
8198392523716590
8851883472629670
1298233639496832
6213575156024605
1063394358717854
2911172465511382
1127775073652502
3751378355325825
4799089011745198
5236758856687873
2032317380293711
4803594791585565
0475414808099577
0960639462723559
0666138903452463
0493705654298259
5306403222607471
2228704953914480
0035685068777352
3933331339816537
3324028422133616
9243256514162680
5189180737206232
9801659268600510
2800284440278359
5215683584958094
5339107806669913
3952202974431360
8198945199281307
5334131860888930
4909755821591847
0083551905883357
3505246008188178
2683038816412183
