6309436191619392
2795152154659933
0466799995060671
6853382226977684
2914643532111011
6508095136607048
5334131860888930
5859772357477134
7179720346302573
6347400432232688
6165304398755510
9746253467394955
1535625984886402
1481276383743867
4581537476491370
2202100561413773
5189180737206232
9965398009651936
0035685068777352
5823693783449791
7558531056409406
0451310772113076
9395881112357637
8780105727404133
7000508951288786
4558270749970982
3952202974431360
7838446217897233
1101341437463729
0403363004900374
1642083834158700
5325787917743367
