8851883472629670
2196414241004695
7789919599029387
6971504594383453
1925460616685386
3694625045276063
3845261787594038
9457187161206773
0159306111276453
3509130245153265
4847427907053853
5100882902316977
3262036759491294
3274107364020515
1247314539789937
3998471745530201
5318861326059698
6261405530940863
6174825782956064
9108383397996236
0591884939501206
0654170681590024
7740838143777714
8414746286323666
7166279400544764
5339107806669913
9542504610783451
9220568701203441
3819068946086008
0349581457615451
1543451677863790
1945447546918726
6083484672796020
9214879534215945
4803594791585565
9380708907565481
7572795941731427
6812635845529585
2463424367832163
3013921866070769
8456614622284819
8930167171283194
4099992332439295
2917024636534345
7531478549178568
0570082225127827
4816515866712611
0067281135180613
5614296363281466
7121931064469117
4274127161117543
0768760617808822
9869878599960320
5363817333961301
8987314526410127
5957462549313265
5205355303433030
3704544054732635
9320368429325482
6274999242866961
6049495492341242
1310330487165505
5862080409520795
2611655713418600
4654251951434427
