0.0 0.14285714285714285 0.0 0.42857142857142855 0.0 0.0 0.14285714285714285 0.0 0.0 0.0 0.2857142857142857 0.0 0.0 
0.047619047619047616 0.0 0.023809523809523808 0.0 0.0 0.0 0.0 0.9047619047619048 0.0 0.023809523809523808 0.0 0.0 0.0 
0.0 0.5 0.0 0.0 0.0 0.0 0.0 0.5 0.0 0.0 0.0 0.0 0.0 
1.0 0.0 0.0 0.0 0.0 0.0 0.0 0.0 0.0 0.0 0.0 0.0 0.0 
0.0 0.0 0.0 0.0 0.0 0.0 0.0 0.0 0.1 0.9 0.0 0.0 0.0 
0.0 0.0 0.0 0.0 0.0 0.0 0.0 0.0 0.0 0.0 0.0 0.0 0.0 
0.0625 0.0 0.0 0.0 0.0 0.0 0.0 0.0 0.0 0.0 0.0 0.0 0.9375 
0.0 0.95 0.025 0.0 0.0 0.0 0.0 0.0 0.0 0.025 0.0 0.0 0.0 
0.0 0.0 0.0 0.0 0.05555555555555555 0.0 0.0 0.0 0.0 0.16666666666666666 0.0 0.0 0.7777777777777778 
0.0 0.07142857142857142 0.0 0.0 0.6428571428571429 0.0 0.0 0.07142857142857142 0.21428571428571427 0.0 0.0 0.0 0.0 
1.0 0.0 0.0 0.0 0.0 0.0 0.0 0.0 0.0 0.0 0.0 0.0 0.0 
0.0 0.0 0.0 0.0 0.0 0.0 0.0 0.0 0.0 0.0 0.0 0.0 0.0 
0.0 0.0 0.0 0.0 0.0 0.0 0.6818181818181818 0.0 0.3181818181818182 0.0 0.0 0.0 0.0 
