3876752605313288
9396403739008267
9305671671519068
1314901111475602
5333250355049814
2842691977953578
0332057573470620
7000508951288786
4717710808881152
0750182055256569
4881985346615116
8586494807446726
3911300468731477
9987263697355294
0484982277336205
6985613045320268
9198029814908910
5823693783449791
2734203117778600
2086547470164107
7536181384159078
1043173427712145
5322192969141529
6502894549362355
2835029061696580
2598314759854581
0942014519604427
2268580664900763
5190074256754373
2381802193180578
6309436191619392
4701106739838171
4510097981881186
8325040967962135
1371577276483858
6082204595710795
4558270749970982
2990561169032274
1219153096910234
2428823231702842
7767720735788659
8204198304175392
0608337674042057
2629288574518166
5221863351791074
2195348221754328
0426390460269258
4739118307577897
1412188541146321
5074821829802763
4200349501324526
5859772357477134
4161224121702430
4384755600168465
7659443408776211
0371096131093979
5957012058055684
7892320085096012
1405100203133067
0644505365952110
9906430445327093
6298207659237978
7868828064676031
7611559630126226
9904070947832545
7437976888724293
5683293733841374
0466799995060671
6508618435773438
6102536293896338
4062180652159320
8295131406039324
4930318504809792
2576126968955595
5657175098146347
3980645829400310
1101341437463729
6660895050954179
1481276383743867
2794888963106382
7267507565320007
6473704085924001
2892051287737605
4420879609589760
8038166896879447
2795152154659933
1565181845151740
9208665857677299
7214193952056222
0134920183729382
0217015026515658
3975007108450559
7979063304544915
1789196918994788
1805307635564032
8873149632621307
3177068002947527
7558531056409406
1480021215034290
0569365150164629
8432283152738712
8248342079629374
6022618136354160
4358350479981228
0785743182319556
7343119567692694
1077970476661700
9073167385611319
3752267717128879
7358400300119243
9965398009651936
6341248082936350
1397190485811267
1084236115369797
0216519915668667
7119339879822656
6640232793768858
4216801992845696
5382295294866944
6165304398755510
5760506292076803
6393020822260368
3703432311039072
7179720346302573
5918350258599906
7351868831731827
2085810642676618
5291309702230117
7881987532843700
7997085805584388
8231471391500358
6216090203279250
6666089513761587
5045106337913025
1048504721932307
3423593927375231
5649236321441309
3425817209646054
4636299625291840
7801833255752802
6347400432232688
3952202974431360
4581537476491370
7732407650135099
5996181459466951
4101562077663619
5334131860888930
8571685859057147
9097210770224776
9806548647159907
3601442415054973
3494982072959140
9246377287833779
7031503842377495
0918230852307211
1524910202465397
0403363004900374
0907001903528428
1239408708471660
0259864383936387
2110127065416697
3293301695475210
8834087197893542
7672532294117671
9270089300834737
7043118782881855
1958690595894594
9395881112357637
3558179023833292
6156657605262618
7499608419617667
2629053238114080
3431777523511296
7366807766543442
3526964931609975
8843357145282291
9746253467394955
5029704662813380
2406867656111498
6950878421414731
1613425384707591
2486121889068339
7386244848291169
1765134242325847
2716909012512069
2560106052820991
3852336945545624
2150105542661226
4634684070861632
1179525448575089
6438374644753396
2444930519599617
8901621736756410
0957444591428758
4295728174569492
7507841142527331
9853846239899889
3413259037836385
7961149719224268
6665155835167558
0874491319279428
6763134273157735
5395774975535644
6853382226977684
8573195327542061
5169162865311459
2453642679238975
0429581079142101
2711675707331844
4974461002008809
9780352439410885
5342547359165212
0309157540839329
7480418100713613
9113060409301609
0979647639632335
5041577291358551
6637306027529983
3049512216393338
7838446217897233
3010882026747644
1642083834158700
9893849875376569
0957665422453699
4254898091542687
8043286825467803
9164877739376535
3009090682425019
6823581294382553
1309373274619373
7472133316065004
6033516785481779
3439967351789116
5205000061462210
0108190685018320
5189180737206232
6075775977581420
2924563027966834
3107924103069456
1563166503956631
9594276512512509
0514228518147484
2797502202617114
9669639868938103
5339226046436113
7828878624890195
9913529831985105
8173378726733122
6327703613785635
6713526551328329
5777699053894782
0212227705231604
6338258664965964
4198075963308243
0333646264188181
4605895860650284
3187273888989883
9753423351398790
4612673413387449
0451310772113076
1690166486230851
8647922327100953
3638025215373426
1947326193452969
2914643532111011
2237202147786441
7694622713378423
6223423587997333
0602658985169124
1535625984886402
3824281910310349
1381105054474728
0859504844227534
3361913845637197
6760789832926234
5509861514896982
9811352883792475
1345951126343014
9129345549112508
7349950103979107
1070394303501538
9760251819560805
0035685068777352
9545899186934466
3270622505035479
0598463721997774
4256849386217726
5372170168415585
7760594994793832
3733816648743900
4854372533657671
6130644232718610
7161618122556467
2423245969935715
2279975118108820
4910241356954777
6900483130650896
0843974355606163
1539031724189300
8060514879935984
3880951923962038
4378380240678518
2229943659950616
2883331787707769
6457381398342917
3672547273353904
3076174661624449
7169868426858404
8115160528911145
1582551703060830
0326321170602739
2706768463638642
7615714763847868
7235424140939267
6269535109558013
4813544310376058
5793361822780920
7947299462681693
4164041157405626
2121686219033754
9957455292822908
3129798508009056
4176175563962222
6419220260106427
2901888624506535
5389456670682050
6555493393643522
6508095136607048
3194932402580523
8780105727404133
0404701804598725
6853427939982300
0392355990101557
1203357643381228
1708048694986295
7520248542757602
9768360230719166
2387431254472136
6158036609486608
5980358582447488
5827627505892127
2401618350456850
3550721236149400
2032232442751339
3177694073540758
5161660188380421
3189016459956475
6494692158787277
0448980118528732
7108816464261099
5853524866939773
8102755896732025
0069697138404546
5421965627684351
2202100561413773
8363293767542766
2604084987168049
4801448860704123
1644271814596941
6518682172094498
4976970583090892
9125203013352543
0824886862509279
3376868479470271
7633115237379209
8194599016161354
6641904883344974
9162508978945887
4999713109630711
