4726822007000628
5221863351791074
0046116620157887
6395095165722635
3952202974431360
7540097027176957
5482561647049500
2937260438141198
8703740676075525
4361220072322558
1332423874353554
8976306450816308
5464920582377989
4313455598047828
5689902631903063
2337716454002457
9395881112357637
0833660378500085
7615714763847868
1180191347732982
5852409796882171
5823693783449791
5189180737206232
6653223814715498
3084890968061662
0020850693692136
6684755558240337
2202100561413773
8580985583116539
6146640930833397
8910557213253128
4668992443195213
5282393049163384
5820386011354891
2669979608734253
9746253467394955
7960881781532698
1635688279204731
1560343364131169
7000508951288786
7877747460307517
5171007732651311
5033189741354139
6853382226977684
9819015829001124
9196386299886990
5968244801228229
7998391975397420
4070424978875304
4695094803653501
7671363578256554
1200849593735259
4326109448379822
9668050791898462
6309436191619392
5696172216123869
8286075130503114
3876752605313288
5605590098640584
3097987679294992
7079384041018545
7179720346302573
1481276383743867
2609654784637427
7892320085096012
6438374644753396
3505584601106640
2827325360244042
2797840629976507
9599066478340811
3562003328767132
0963588859777460
0034030372199818
1025598529469393
3747106487460025
8780105727404133
9806548647159907
1264392056208305
7279063146008344
9752753965948564
0674791189757357
1249592966115552
9700001213434251
0246431626397845
8198392523716590
1573586928647131
2835864951583089
2473003981743849
7151015540719918
0666138903452463
9155451674638457
6539169612758835
7821878835036266
9803419937796467
9735880571976278
5755346260402122
3672437413599685
9818422767414120
9418311799417480
3749421379531019
0694401174796400
6455337728419622
4344589799192534
9965398009651936
0234920940703210
9454054374479016
6508095136607048
3782737212818656
5859772357477134
5437247883737950
0309157540839329
5012692005739995
7904227795652627
0466799995060671
4135614758164711
4558270749970982
5425237044575885
9243256514162680
8880807687863294
6347400432232688
9460305407798910
5235773649631919
9263797728130316
2914643532111011
2734203117778600
2795152154659933
0403363004900374
8473729646872830
3998878800345082
1038437165007849
1322867469168117
6702867386211399
4581537476491370
5321313558714462
3123518117881050
9906430445327093
5040658517432017
1535625984886402
1101341437463729
5937912638355332
9848311210578810
4150874218905523
9280378827093930
0035685068777352
1387043320265189
7079202837435379
7838446217897233
8023294344647435
1397190485811267
5236758856687873
9801659268600510
9904070947832545
5215683584958094
2614578988328870
7558531056409406
0451310772113076
0640997586726641
5334131860888930
5619667787620752
2484520844365957
3557992461593136
4707599213895458
2228704953914480
8139095662827864
6165304398755510
