7821878835036266
1652650180306511
4703015447173949
6967348968095705
1452143470443376
0375563373339784
7535636807201892
1448223845901360
3654522236249726
6741174401222919
3043621278852069
3985311648875206
3981170373092562
2408040439960461
0440504264473579
6938316407040676
6977355824972138
7497594044598865
3353555630220552
6256541728060383
7290132565016810
5643235533402395
4559505598689709
9948850310531923
6926651124954505
5596069780034749
2254641535198638
5341090267791789
9302802998462635
2238132138637669
1391333777911665
2192832274467029
5011799712435927
3845636053338133
6314084638411003
8782039401544878
9720676265334015
4509001602690068
3371393957860473
6459107436866263
0835964436492083
7240386704593891
2019448857205643
9760822468503576
6025732517202585
5109370460506400
6785547194105600
0175656158317731
4098303307776665
5715057849857173
7941454704661376
6770097931033324
7662796111326087
0851713264326392
4061301060228632
8085880003164254
2401818255539744
8611170497897011
4482175736711280
5218561645780587
0857845906838285
9968588190971037
1560584778970313
4233219955706842
8496716957724133
8463237728503334
4479225663957889
2976613011582984
1866860657656686
7152942654741520
0674791189757357
1950470674042645
8749324952598568
1001622880604244
9579012777524342
2140782785874021
5461518414512641
1644854912506311
6782484032120407
7188970415617628
5126531562269526
3242250540541623
1726515355080815
5465037152716648
5379210277011704
3829032856704861
4315802970239162
9901986504616851
8047516547443011
1959557670325055
4193936925916614
6256861296723566
5871402136758674
0317437103367834
0188323313464824
1740251505489830
7320009315739681
3943150608263691
4750407206659654
3707129133058737
1781635598727043
4131978555474560
7079680723888278
2959882979040420
2292601099552512
0095925354378408
7904227795652627
0210408717675071
8215976645016606
6008854659083266
0875527722518904
7927416076958362
7184304257739011
9986060121023733
4920024724994011
2404069734154065
1444068259043077
8948213264177426
5749555981357928
1369081654463776
9770724882556145
5359935077469239
9980188384470104
6657982919353726
1427609752241442
0504152872750536
6793251656957803
7513476405206824
5395774975535644
9621221741877717
8252593637622853
0212227705231604
9050683558389803
6642002445572793
6038840762351737
4002033080997386
6983307192001614
5301042982020325
5205000061462210
4585272413204502
8031266925341697
7526386741546703
5389111536752338
7243632356097506
4908045776059662
9141183712573846
2274341912322987
9780737452746645
4507592951614239
2587376461584631
2063054289088436
8037210035486834
4238829381165820
3683235983896656
7112745645895347
2893593431439878
3958908995389201
6583502089707691
9161963826808935
2697220528113479
1556212274375574
3094614769262212
3469752290808469
7037382180306060
2609654784637427
6928928809254617
2363908938796685
3035239880714524
9115204277528111
6196081550581346
5968112709334383
9292780740707736
4025302283674525
3999930062282877
0243222446961278
9059399646890977
7791613533109498
0686934471469650
2021830350525161
9191548792443062
4999509031047259
5681843757130873
3569531507114017
5937912638355332
6811966200287002
4320263713790319
2486121889068339
5695765964113056
0150653039187286
8934263630465920
6853427939982300
2021264878089025
3801575713681461
4937965723746020
0300528206154701
6318242014807642
1123598835707364
9287776078149551
2331088061589222
3870300970951275
5946842583369390
6644827241366135
0654750186618555
2831812337473114
3267862705740438
4569228363929202
6696601647459478
3666727424219511
6306096928606380
8550035837459093
1422532929767139
5532047404159742
7752039044261325
0648137436207537
9400668356468845
1644931272174401
8549722587948451
3830097015558224
1321327321229802
6417216091455652
0957061087297140
3424068768496616
9226217407880831
4667346163674953
9151694095734719
1802668440782138
8102432275033798
1119793070691509
3148861832219592
7663002841467808
9233143651147638
3470956513642748
9833768521859653
9901154204820353
5931342010737221
3744912186894176
0516941410000104
3325984959083987
1011936727324620
3500088234156539
3700372259193104
8051570499204277
8307342410082754
5762476423634852
6244647057170283
8057852269984997
6365162284093379
1200177873277855
1240227827563843
6051119709973075
1772617542712581
0263742679377591
6416497515150655
7233840323140770
6463750480585203
9460656308617535
5673026864716586
2932271315489352
0525024654365227
2088688399614477
4896765034122506
3077039348737036
9844635963154850
0433550019511218
6028339561719051
8210703767058338
2215905569987646
2301228789810942
5875931433861627
2333250810802908
5767190094405492
8602254449143554
2364466659029332
7247553962111836
4198814149144165
7301980773116724
9893672119587472
4044332658989430
6708056301149624
5488747859528789
