4854372533657671
9957455292822908
1765134242325847
6502894549362355
5205000061462210
8901621736756410
7169868426858404
0484982277336205
1070394303501538
3010882026747644
6082204595710795
6130644232718610
1043173427712145
8363293767542766
2453642679238975
8073303573679522
6494692158787277
8325040967962135
1219153096910234
8295131406039324
3980645829400310
2629053238114080
2560106052820991
4930318504809792
6555493393643522
1084236115369797
7386244848291169
6985613045320268
4739118307577897
6473704085924001
4023778019418442
8204198304175392
7235424140939267
9594276512512509
9545899186934466
2883331787707769
2604084987168049
6518682172094498
1480021215034290
7536181384159078
4164041157405626
9811352883792475
2032232442751339
0750182055256569
7161618122556467
4378380240678518
3376868479470271
2629288574518166
4717710808881152
4358350479981228
4976970583090892
2576126968955595
3189016459956475
7351868831731827
2740598136336384
2237202147786441
3187273888989883
4002033080997386
8194599016161354
1077970476661700
9164877739376535
4605895860650284
9125203013352543
4295728174569492
7672532294117671
2428823231702842
5657175098146347
3703432311039072
5793361822780920
0644505365952110
0259864383936387
3824281910310349
3880951923962038
5760506292076803
9893849875376569
6216090203279250
9768360230719166
2110127065416697
2085810642676618
6341248082936350
3558179023833292
4216801992845696
1312049227898761
6763134273157735
6075775977581420
9853846239899889
0843974355606163
0957444591428758
3601442415054973
7214193952056222
1708048694986295
6950878421414731
1563166503956631
8432283152738712
0785743182319556
0569365150164629
1565181845151740
1345951126343014
9198029814908910
9073167385611319
2892051287737605
1582551703060830
3194932402580523
0333646264188181
0371096131093979
0212227705231604
7031503842377495
8571685859057147
5853524866939773
6393020822260368
2229943659950616
2924563027966834
6022618136354160
0069697138404546
6660895050954179
3752267717128879
7108816464261099
9097210770224776
4256849386217726
0404701804598725
0824886862509279
4801448860704123
0134920183729382
2706768463638642
9129345549112508
2598314759854581
4636299625291840
3270622505035479
3550721236149400
6154791525553486
0426390460269258
2086547470164107
5045106337913025
5041577291358551
0217015026515658
3852336945545624
3293301695475210
